{
  "so8_generators": [
    [
      [
        0.0,
        0.010946482826465,
        -0.15195808974298,
        -0.19387423046345,
        -0.070344074249455,
        -0.085183769845009,
        -0.38908190370082,
        0.079345048755928
      ],
      [
        -0.010946482826465,
        0.0,
        0.24910807384366,
        0.096308225913836,
        0.06576022003509,
        0.35462240999149,
        -0.14923612207867,
        0.039934798707797
      ],
      [
        0.15195808974298,
        -0.24910807384366,
        0.0,
        -0.037604533521453,
        -0.2093181344844,
        0.28962541776794,
        -0.2328900473259,
        0.24220042035395
      ],
      [
        0.19387423046345,
        -0.096308225913836,
        0.037604533521453,
        0.0,
        0.26924755617799,
        -0.1903327029634,
        -0.078919961039335,
        -0.11545272645857
      ],
      [
        0.070344074249455,
        -0.06576022003509,
        0.2093181344844,
        -0.26924755617799,
        0.0,
        -0.073414015448811,
        -0.037973793678087,
        0.1992098281971
      ],
      [
        0.085183769845009,
        -0.35462240999149,
        -0.28962541776794,
        0.1903327029634,
        0.073414015448811,
        0.0,
        -0.14563760030347,
        -0.2264556331669
      ],
      [
        0.38908190370082,
        0.14923612207867,
        0.2328900473259,
        0.078919961039335,
        0.037973793678087,
        0.14563760030347,
        0.0,
        0.23397005542576
      ],
      [
        -0.079345048755928,
        -0.039934798707797,
        -0.24220042035395,
        0.11545272645857,
        -0.1992098281971,
        0.2264556331669,
        -0.23397005542576,
        0.0
      ]
    ],
    [
      [
        0.0,
        0.23858179587323,
        0.17209723339996,
        -0.23999316682796,
        -0.076824646835615,
        0.18817731008488,
        0.097138098663037,
        -0.27085117380357
      ],
      [
        -0.23858179587323,
        0.0,
        0.38623815038972,
        0.09084789506487,
        0.04010731346273,
        0.19340814397117,
        0.081811593666626,
        -0.085593552463447
      ],
      [
        -0.17209723339996,
        -0.38623815038972,
        0.0,
        0.13941789813685,
        0.1291481018912,
        -0.25768547545979,
        -0.009206169747306,
        0.084733194283171
      ],
      [
        0.23999316682796,
        -0.09084789506487,
        -0.13941789813685,
        0.0,
        0.23503322040411,
        -0.23097506401638,
        0.02019189603132,
        0.15497833071865
      ],
      [
        0.076824646835615,
        -0.04010731346273,
        -0.1291481018912,
        -0.23503322040411,
        0.0,
        0.11346480952742,
        -0.0088537562053608,
        -0.47978909972343
      ],
      [
        -0.18817731008488,
        -0.19340814397117,
        0.25768547545979,
        0.23097506401638,
        -0.11346480952742,
        0.0,
        -0.078193393970548,
        0.1631187318496
      ],
      [
        -0.097138098663037,
        -0.081811593666626,
        0.009206169747306,
        -0.02019189603132,
        0.0088537562053608,
        0.078193393970548,
        0.0,
        0.051152715353302
      ],
      [
        0.27085117380357,
        0.085593552463447,
        -0.084733194283171,
        -0.15497833071865,
        0.47978909972343,
        -0.1631187318496,
        -0.051152715353302,
        0.0
      ]
    ],
    [
      [
        0.0,
        -0.22681864744011,
        -0.012423456343312,
        -0.10110243931903,
        0.41233072234866,
        -0.13010430367436,
        -0.067783409180381,
        0.004617818382811
      ],
      [
        0.22681864744011,
        0.0,
        -0.019858868549218,
        -0.41086963756504,
        0.024362354591725,
        0.36778746372812,
        0.33501593368101,
        0.19031444011515
      ],
      [
        0.012423456343312,
        0.019858868549218,
        0.0,
        0.044197636994193,
        0.050683789518065,
        -0.17018399045671,
        -0.056814131011424,
        0.11233505983216
      ],
      [
        0.10110243931903,
        0.41086963756504,
        -0.044197636994193,
        0.0,
        -0.052452726261059,
        -0.12093931605198,
        -0.27006960911457,
        -0.006800608625164
      ],
      [
        -0.41233072234866,
        -0.024362354591725,
        -0.050683789518065,
        0.052452726261059,
        0.0,
        0.20098551095686,
        0.067551257805905,
        0.11776966447402
      ],
      [
        0.13010430367436,
        -0.36778746372812,
        0.17018399045671,
        0.12093931605198,
        -0.20098551095686,
        0.0,
        0.21625400981385,
        0.21549124297372
      ],
      [
        0.067783409180381,
        -0.33501593368101,
        0.056814131011424,
        0.27006960911457,
        -0.067551257805905,
        -0.21625400981385,
        0.0,
        -0.037004126751403
      ],
      [
        -0.004617818382811,
        -0.19031444011515,
        -0.11233505983216,
        0.006800608625164,
        -0.11776966447402,
        -0.21549124297372,
        0.037004126751403,
        0.0
      ]
    ],
    [
      [
        0.0,
        0.085298851515116,
        0.0089798887466296,
        0.065611953877967,
        -0.016337112406393,
        -0.22102086567527,
        -0.054827372493003,
        0.0258995548072
      ],
      [
        -0.085298851515116,
        0.0,
        0.01740975260607,
        0.10778291636107,
        0.14406562843629,
        -0.04481222893753,
        -0.21170262366291,
        0.15589503567941
      ],
      [
        -0.0089798887466296,
        -0.01740975260607,
        0.0,
        0.45843835766554,
        -0.086189071839704,
        0.044641420159456,
        0.064220320864829,
        -0.14532119184091
      ],
      [
        -0.065611953877967,
        -0.10778291636107,
        -0.45843835766554,
        0.0,
        0.32431993214827,
        0.17572130380154,
        0.042356805093848,
        -0.088640439545494
      ],
      [
        0.016337112406393,
        -0.14406562843629,
        0.086189071839704,
        -0.32431993214827,
        0.0,
        0.14590643316832,
        0.26978853699884,
        0.19839898267626
      ],
      [
        0.22102086567527,
        0.04481222893753,
        -0.044641420159456,
        -0.17572130380154,
        -0.14590643316832,
        0.0,
        -0.13298699664199,
        0.53313765628159
      ],
      [
        0.054827372493003,
        0.21170262366291,
        -0.064220320864829,
        -0.042356805093848,
        -0.26978853699884,
        0.13298699664199,
        0.0,
        -0.076418362107614
      ],
      [
        -0.0258995548072,
        -0.15589503567941,
        0.14532119184091,
        0.088640439545494,
        -0.19839898267626,
        -0.53313765628159,
        0.076418362107614,
        0.0
      ]
    ],
    [
      [
        0.0,
        -0.047200883005741,
        0.044882821309753,
        -0.15702825193844,
        0.15788533612153,
        0.28812809599694,
        0.16204387003645,
        0.061014013440884
      ],
      [
        0.047200883005741,
        0.0,
        -0.02463061536463,
        0.23243709964947,
        0.12143589089916,
        0.10595105037032,
        -0.49202925284932,
        0.26186299294505
      ],
      [
        -0.044882821309753,
        0.02463061536463,
        0.0,
        -0.0097717066387099,
        0.071082941270302,
        -0.14313542577528,
        0.11223279491336,
        -0.17245053118651
      ],
      [
        0.15702825193844,
        -0.23243709964947,
        0.0097717066387099,
        0.0,
        0.10323414349587,
        -0.23901974339974,
        -0.0066689217949323,
        -0.030542460565851
      ],
      [
        -0.15788533612153,
        -0.12143589089916,
        -0.071082941270302,
        -0.10323414349587,
        0.0,
        0.13858749177064,
        -0.098897171808524,
        0.20374539377449
      ],
      [
        -0.28812809599694,
        -0.10595105037032,
        0.14313542577528,
        0.23901974339974,
        -0.13858749177064,
        0.0,
        0.39717244936691,
        -0.18889185915704
      ],
      [
        -0.16204387003645,
        0.49202925284932,
        -0.11223279491336,
        0.0066689217949323,
        0.098897171808524,
        -0.39717244936691,
        0.0,
        -0.20307727375929
      ],
      [
        -0.061014013440884,
        -0.26186299294505,
        0.17245053118651,
        0.030542460565851,
        -0.20374539377449,
        0.18889185915704,
        0.20307727375929,
        0.0
      ]
    ],
    [
      [
        0.0,
        -0.11464900311116,
        0.0036680800160308,
        -0.14360885476943,
        0.26565145833354,
        -0.14220300244482,
        0.37924410764453,
        -0.045706644664072
      ],
      [
        0.11464900311116,
        0.0,
        0.013449605251038,
        0.018404018128156,
        0.28587498094947,
        -0.41947194621669,
        0.031860973314686,
        0.25239775872987
      ],
      [
        -0.0036680800160308,
        -0.013449605251038,
        0.0,
        0.13691872074702,
        -0.11442832725019,
        -0.069307902326594,
        -0.18339065441478,
        0.21670548107725
      ],
      [
        0.14360885476943,
        -0.018404018128156,
        -0.13691872074702,
        0.0,
        0.14861883007889,
        0.015507925965294,
        -0.083229253339683,
        0.25064069095956
      ],
      [
        -0.26565145833354,
        -0.28587498094947,
        0.11442832725019,
        -0.14861883007889,
        0.0,
        -0.16489597750904,
        -0.24124766157463,
        0.064875303612122
      ],
      [
        0.14220300244482,
        0.41947194621669,
        0.069307902326594,
        -0.015507925965294,
        0.16489597750904,
        0.0,
        -0.14062301498838,
        -0.099963739172231
      ],
      [
        -0.37924410764453,
        -0.031860973314686,
        0.18339065441478,
        0.083229253339683,
        0.24124766157463,
        0.14062301498838,
        0.0,
        0.27912276093498
      ],
      [
        0.045706644664072,
        -0.25239775872987,
        -0.21670548107725,
        -0.25064069095956,
        -0.064875303612122,
        0.099963739172231,
        -0.27912276093498,
        0.0
      ]
    ],
    [
      [
        0.0,
        -0.11752692874115,
        -0.025247983089097,
        0.07864177534103,
        0.17161678984256,
        0.15038700460165,
        0.1771889910594,
        0.24581251670356
      ],
      [
        0.11752692874115,
        0.0,
        -0.084388034736153,
        0.23188734235658,
        -0.0010439743739089,
        0.050366205461792,
        -0.055433423311965,
        0.15903498056488
      ],
      [
        0.025247983089097,
        0.084388034736153,
        0.0,
        -0.39008719645071,
        0.173013893216,
        0.097111989347207,
        0.12524580284652,
        0.3164804812156
      ],
      [
        -0.07864177534103,
        -0.23188734235658,
        0.39008719645071,
        0.0,
        0.090960660621749,
        -0.094135830084759,
        -0.064161872424109,
        -0.28428875571518
      ],
      [
        -0.17161678984256,
        0.0010439743739089,
        -0.173013893216,
        -0.090960660621749,
        0.0,
        -0.30568366510853,
        0.18630925271412,
        -0.21110737334843
      ],
      [
        -0.15038700460165,
        -0.050366205461792,
        -0.097111989347207,
        0.094135830084759,
        0.30568366510853,
        0.0,
        -0.14137161694245,
        0.37390363263111
      ],
      [
        -0.1771889910594,
        0.055433423311965,
        -0.12524580284652,
        0.064161872424109,
        -0.18630925271412,
        0.14137161694245,
        0.0,
        0.041475005543232
      ],
      [
        -0.24581251670356,
        -0.15903498056488,
        -0.3164804812156,
        0.28428875571518,
        0.21110737334843,
        -0.37390363263111,
        -0.041475005543232,
        0.0
      ]
    ],
    [
      [
        0.0,
        -0.31911169870577,
        0.0,
        0.0,
        0.0,
        -0.18771276394457,
        0.0,
        -0.093856381972284
      ],
      [
        0.31911169870577,
        0.0,
        0.093856381972284,
        0.0,
        0.18771276394457,
        0.0,
        0.0,
        0.0
      ],
      [
        0.0,
        -0.093856381972284,
        0.0,
        -0.18771276394457,
        0.0,
        0.0,
        0.0,
        0.31911169870577
      ],
      [
        0.0,
        0.0,
        0.18771276394457,
        0.0,
        0.0,
        0.0,
        0.73207977938382,
        0.0
      ],
      [
        0.0,
        -0.18771276394457,
        0.0,
        0.0,
        0.0,
        0.31911169870577,
        0.0,
        0.0
      ],
      [
        0.18771276394457,
        0.0,
        0.0,
        0.0,
        -0.31911169870577,
        0.0,
        0.0,
        0.0
      ],
      [
        0.0,
        0.0,
        0.0,
        -0.73207977938382,
        0.0,
        0.0,
        0.0,
        -0.18771276394457
      ],
      [
        0.093856381972284,
        0.0,
        -0.31911169870577,
        0.0,
        0.0,
        0.0,
        0.18771276394457,
        0.0
      ]
    ],
    [
      [
        0.0,
        0.2839459294077,
        0.025039408584883,
        0.039874881323181,
        0.33921924217071,
        -0.15246512517345,
        -0.14054291438971,
        -0.013739079352698
      ],
      [
        -0.2839459294077,
        0.0,
        0.082176180576665,
        0.19615647079596,
        -0.084653337997869,
        -0.23565367771726,
        0.15465052758923,
        -0.005168381008528
      ],
      [
        -0.025039408584883,
        -0.082176180576665,
        0.0,
        -0.22302323585944,
        0.19512561456252,
        -0.049969648410094,
        -0.049989566812479,
        -0.12538164773653
      ],
      [
        -0.039874881323181,
        -0.19615647079596,
        0.22302323585944,
        0.0,
        0.23036001872312,
        0.20601616777334,
        0.043783207547068,
        -0.31329803761605
      ],
      [
        -0.33921924217071,
        0.084653337997869,
        -0.19512561456252,
        -0.23036001872312,
        0.0,
        0.3217611620501,
        0.075671179787225,
        -0.047055770932341
      ],
      [
        0.15246512517345,
        0.23565367771726,
        0.049969648410094,
        -0.20601616777334,
        -0.3217611620501,
        0.0,
        0.23914289044604,
        -0.15545021759952
      ],
      [
        0.14054291438971,
        -0.15465052758923,
        0.049989566812479,
        -0.043783207547068,
        -0.075671179787225,
        -0.23914289044604,
        0.0,
        0.36068425677322
      ],
      [
        0.013739079352698,
        0.005168381008528,
        0.12538164773653,
        0.31329803761605,
        0.047055770932341,
        0.15545021759952,
        -0.36068425677322,
        0.0
      ]
    ],
    [
      [
        0.0,
        -0.083324182885556,
        -0.282728173492,
        -0.066095693869941,
        0.36315797456471,
        0.051822938495443,
        0.13360336752909,
        0.22744715736111
      ],
      [
        0.083324182885556,
        0.0,
        0.26230393369157,
        0.067158223151925,
        -0.0086350143102469,
        0.064902189250725,
        0.17109567945954,
        -0.25663582510464
      ],
      [
        0.282728173492,
        -0.26230393369157,
        0.0,
        0.060965934586775,
        0.22331406709325,
        0.28555741566082,
        0.10938216491909,
        -0.39104691395901
      ],
      [
        0.066095693869941,
        -0.067158223151925,
        -0.060965934586775,
        0.0,
        0.042207454596319,
        -0.1437502740138,
        0.21023065867793,
        0.31645403400647
      ],
      [
        -0.36315797456471,
        0.0086350143102469,
        -0.22331406709325,
        -0.042207454596319,
        0.0,
        -0.11273858628241,
        0.14544272472069,
        0.11195796751769
      ],
      [
        -0.051822938495443,
        -0.064902189250725,
        -0.28555741566082,
        0.1437502740138,
        0.11273858628241,
        0.0,
        -0.13336047308467,
        -0.029738409563952
      ],
      [
        -0.13360336752909,
        -0.17109567945954,
        -0.10938216491909,
        -0.21023065867793,
        -0.14544272472069,
        0.13336047308467,
        0.0,
        0.001119830111729
      ],
      [
        -0.22744715736111,
        0.25663582510464,
        0.39104691395901,
        -0.31645403400647,
        -0.11195796751769,
        0.029738409563952,
        -0.001119830111729,
        0.0
      ]
    ],
    [
      [
        0.0,
        0.11464407320376,
        0.13239162763092,
        0.34351909599091,
        0.049972392671655,
        -0.18745356617102,
        0.12980067243028,
        -0.28911852810949
      ],
      [
        -0.11464407320376,
        0.0,
        -0.09403740388955,
        -0.16563036484164,
        -0.20354726458619,
        -0.054107851030038,
        -0.11898873832457,
        0.18992113304135
      ],
      [
        -0.13239162763092,
        0.09403740388955,
        0.0,
        -0.050890723322236,
        -0.01448154304087,
        0.084171328694723,
        0.072309550630595,
        -0.11008938272461
      ],
      [
        -0.34351909599091,
        0.16563036484164,
        0.050890723322236,
        0.0,
        -0.041879810054916,
        -0.62531397597666,
        0.057656767706909,
        -0.04257016880256
      ],
      [
        -0.049972392671655,
        0.20354726458619,
        0.01448154304087,
        0.041879810054916,
        0.0,
        0.10941992051455,
        0.18329461041306,
        0.072311717419366
      ],
      [
        0.18745356617102,
        0.054107851030038,
        -0.084171328694723,
        0.62531397597666,
        -0.10941992051455,
        0.0,
        -0.26386107691409,
        -0.10416116811033
      ],
      [
        -0.12980067243028,
        0.11898873832457,
        -0.072309550630595,
        -0.057656767706909,
        -0.18329461041306,
        0.26386107691409,
        0.0,
        0.16116597087049
      ],
      [
        0.28911852810949,
        -0.18992113304135,
        0.11008938272461,
        0.04257016880256,
        -0.072311717419366,
        0.10416116811033,
        -0.16116597087049,
        0.0
      ]
    ],
    [
      [
        0.0,
        0.11553185340297,
        0.19606185785268,
        0.07628115142949,
        -0.30393738645716,
        -0.031210825369926,
        0.27380493610243,
        0.13488006434648
      ],
      [
        -0.11553185340297,
        0.0,
        -0.024536961355193,
        0.074804860749464,
        0.12002746436154,
        0.34503597555881,
        0.11875799188363,
        0.10245348642273
      ],
      [
        -0.19606185785268,
        0.024536961355193,
        0.0,
        -0.2372843493349,
        -0.070454178614604,
        -0.1282102273925,
        -0.2448840357519,
        -0.212162088522
      ],
      [
        -0.07628115142949,
        -0.074804860749464,
        0.2372843493349,
        0.0,
        -0.088363286577575,
        0.068569171128299,
        0.21048762455147,
        0.18872009237385
      ],
      [
        0.30393738645716,
        -0.12002746436154,
        0.070454178614604,
        0.088363286577575,
        0.0,
        -0.093281307177965,
        0.089433303260475,
        0.24496605508191
      ],
      [
        0.031210825369926,
        -0.34503597555881,
        0.1282102273925,
        -0.068569171128299,
        0.093281307177965,
        0.0,
        0.18631766408311,
        0.18341801205934
      ],
      [
        -0.27380493610243,
        -0.11875799188363,
        0.2448840357519,
        -0.21048762455147,
        -0.089433303260475,
        -0.18631766408311,
        0.0,
        0.41405793849127
      ],
      [
        -0.13488006434648,
        -0.10245348642273,
        0.212162088522,
        -0.18872009237385,
        -0.24496605508191,
        -0.18341801205934,
        -0.41405793849127,
        0.0
      ]
    ],
    [
      [
        0.0,
        0.048275034018158,
        0.01065608473771,
        0.14887560635017,
        -0.11701733095681,
        -0.13735627603427,
        0.042361283792994,
        0.16635610266346
      ],
      [
        -0.048275034018158,
        0.0,
        -0.086024101109034,
        0.027076427580746,
        0.15447801596595,
        0.11683432699195,
        0.27711561358029,
        0.22363575457213
      ],
      [
        -0.01065608473771,
        0.086024101109034,
        0.0,
        0.42308908083984,
        0.31882325182786,
        -0.012925785686071,
        -0.19867485322238,
        -0.052006584163133
      ],
      [
        -0.14887560635017,
        -0.027076427580746,
        -0.42308908083984,
        0.0,
        0.057118564924111,
        -0.12541952432695,
        0.20309326238831,
        -0.35014375157069
      ],
      [
        0.11701733095681,
        -0.15447801596595,
        -0.31882325182786,
        -0.057118564924111,
        0.0,
        -0.30590490659533,
        -0.047534542343146,
        -0.16828077409545
      ],
      [
        0.13735627603427,
        -0.11683432699195,
        0.012925785686071,
        0.12541952432695,
        0.30590490659533,
        0.0,
        0.10154642644864,
        -0.27622901647788
      ],
      [
        -0.042361283792994,
        -0.27711561358029,
        0.19867485322238,
        -0.20309326238831,
        0.047534542343146,
        -0.10154642644864,
        0.0,
        -0.15589825953172
      ],
      [
        -0.16635610266346,
        -0.22363575457213,
        0.052006584163133,
        0.35014375157069,
        0.16828077409545,
        0.27622901647788,
        0.15589825953172,
        0.0
      ]
    ],
    [
      [
        0.0,
        -0.15091870347595,
        0.079297852680035,
        -0.30331974793851,
        -0.1612317884631,
        0.035572929464472,
        0.22953144926351,
        -0.32105490966567
      ],
      [
        0.15091870347595,
        0.0,
        -0.32477710511391,
        0.2333551745757,
        0.15057911278015,
        0.065412399002269,
        0.29246504997691,
        -0.15944576964827
      ],
      [
        -0.079297852680035,
        0.32477710511391,
        0.0,
        0.012492455315011,
        0.075064351952253,
        0.43471296638489,
        0.072139333354858,
        -0.10551370550633
      ],
      [
        0.30331974793851,
        -0.2333551745757,
        -0.012492455315011,
        0.0,
        0.036338014996401,
        -0.084070879438731,
        -0.13557876766889,
        -0.23677215969997
      ],
      [
        0.1612317884631,
        -0.15057911278015,
        -0.075064351952253,
        -0.036338014996401,
        0.0,
        0.22575253736816,
        -0.17534264149988,
        0.11362561141225
      ],
      [
        -0.035572929464472,
        -0.065412399002269,
        -0.43471296638489,
        0.084070879438731,
        -0.22575253736816,
        0.0,
        -0.031746980522773,
        0.086150008665461
      ],
      [
        -0.22953144926351,
        -0.29246504997691,
        -0.072139333354858,
        0.13557876766889,
        0.17534264149988,
        0.031746980522773,
        0.0,
        0.032863246442097
      ],
      [
        0.32105490966567,
        0.15944576964827,
        0.10551370550633,
        0.23677215969997,
        -0.11362561141225,
        -0.086150008665461,
        -0.032863246442097,
        0.0
      ]
    ],
    [
      [
        0.0,
        0.13298811890016,
        0.013941096740996,
        -0.083673844961222,
        0.074501407845697,
        -0.26148070750784,
        -0.26928885077327,
        -0.021943245193453
      ],
      [
        -0.13298811890016,
        0.0,
        -0.22377566280025,
        0.017135070212638,
        -0.19921671432583,
        0.13953357687445,
        -0.14876390868344,
        0.1600964208805
      ],
      [
        -0.013941096740996,
        0.22377566280025,
        0.0,
        -0.050193470105673,
        0.348744536273,
        0.031289843390441,
        0.15575388697904,
        -0.057583310845425
      ],
      [
        0.083673844961222,
        -0.017135070212638,
        0.050193470105673,
        0.0,
        0.012681570071326,
        0.018905190482059,
        0.15269249779695,
        0.22703163549816
      ],
      [
        -0.074501407845697,
        0.19921671432583,
        -0.348744536273,
        -0.012681570071326,
        0.0,
        -0.11481356584832,
        -0.60149735164202,
        -0.024479590232698
      ],
      [
        0.26148070750784,
        -0.13953357687445,
        -0.031289843390441,
        -0.018905190482059,
        0.11481356584832,
        0.0,
        -0.069933958368523,
        0.23375608747074
      ],
      [
        0.26928885077327,
        0.14876390868344,
        -0.15575388697904,
        -0.15269249779695,
        0.60149735164202,
        0.069933958368523,
        0.0,
        0.087887503382766
      ],
      [
        0.021943245193453,
        -0.1600964208805,
        0.057583310845425,
        -0.22703163549816,
        0.024479590232698,
        -0.23375608747074,
        -0.087887503382766,
        0.0
      ]
    ],
    [
      [
        0.0,
        0.2173959038101,
        -0.22468581517044,
        -0.25026346567557,
        -0.216876078023,
        0.33667678794363,
        -0.21075680304081,
        -0.17328355636172
      ],
      [
        -0.2173959038101,
        0.0,
        0.10187029631324,
        -0.12554319362375,
        0.041981747286709,
        -0.29051936954424,
        0.24085020767046,
        0.35583153544625
      ],
      [
        0.22468581517044,
        -0.10187029631324,
        0.0,
        -0.083211266177669,
        0.2601611200259,
        -0.061384252777579,
        0.10245911033615,
        0.087714012620352
      ],
      [
        0.25026346567557,
        0.12554319362375,
        0.083211266177669,
        0.0,
        -0.089400899003527,
        -0.053831554357067,
        0.11093737521549,
        -0.0047194573188887
      ],
      [
        0.216876078023,
        -0.041981747286709,
        -0.2601611200259,
        0.089400899003527,
        0.0,
        -0.092192859241217,
        0.14986617720959,
        0.38400437271483
      ],
      [
        -0.33667678794363,
        0.29051936954424,
        0.061384252777579,
        0.053831554357067,
        0.092192859241217,
        0.0,
        -0.052622571556017,
        0.080924109826777
      ],
      [
        0.21075680304081,
        -0.24085020767046,
        -0.10245911033615,
        -0.11093737521549,
        -0.14986617720959,
        0.052622571556017,
        0.0,
        -0.018438160534024
      ],
      [
        0.17328355636172,
        -0.35583153544625,
        -0.087714012620352,
        0.0047194573188887,
        -0.38400437271483,
        -0.080924109826777,
        0.018438160534024,
        0.0
      ]
    ],
    [
      [
        0.0,
        0.071242998992983,
        0.1641842448776,
        -0.097411115664855,
        0.038054395718877,
        -0.026438432892911,
        -0.007646801659868,
        -0.060619331246008
      ],
      [
        -0.071242998992983,
        0.0,
        -0.17166469856216,
        -0.28913182226082,
        0.39741115951399,
        0.18646980352284,
        -0.22683503786265,
        -0.16425665967934
      ],
      [
        -0.1641842448776,
        0.17166469856216,
        0.0,
        0.083674399927367,
        0.25765775961737,
        0.0042924630828487,
        0.44540242107456,
        0.13891789445112
      ],
      [
        0.097411115664855,
        0.28913182226082,
        -0.083674399927367,
        0.0,
        -0.02303942001933,
        0.20436566068282,
        0.014675888774251,
        0.013538478973114
      ],
      [
        -0.038054395718877,
        -0.39741115951399,
        -0.25765775961737,
        0.02303942001933,
        0.0,
        -0.097026673006641,
        0.26308585463666,
        -0.0053965285200185
      ],
      [
        0.026438432892911,
        -0.18646980352284,
        -0.0042924630828487,
        -0.20436566068282,
        0.097026673006641,
        0.0,
        -0.066327856706301,
        -0.25747392762852
      ],
      [
        0.007646801659868,
        0.22683503786265,
        -0.44540242107456,
        -0.014675888774251,
        -0.26308585463666,
        0.066327856706301,
        0.0,
        0.29199045320859
      ],
      [
        0.060619331246008,
        0.16425665967934,
        -0.13891789445112,
        -0.013538478973114,
        0.0053965285200185,
        0.25747392762852,
        -0.29199045320859,
        0.0
      ]
    ],
    [
      [
        0.0,
        0.21716899472962,
        -0.26159831792872,
        -0.18063995977174,
        0.0053155940002565,
        -0.05261597462212,
        0.35526679885145,
        -0.12305920201551
      ],
      [
        -0.21716899472962,
        0.0,
        0.090573972134,
        -0.44728107355817,
        -0.22568726828544,
        0.0020218706264143,
        -0.13988630174677,
        -0.12818455705441
      ],
      [
        0.26159831792872,
        -0.090573972134,
        0.0,
        0.0061218114722824,
        -0.2047012712228,
        0.15405674876663,
        0.063761048145479,
        0.029065147503389
      ],
      [
        0.18063995977174,
        0.44728107355817,
        -0.0061218114722824,
        0.0,
        0.16363477175148,
        0.028249738707943,
        0.20788589240066,
        -0.29158849460667
      ],
      [
        -0.0053155940002565,
        0.22568726828544,
        0.2047012712228,
        -0.16363477175148,
        0.0,
        -0.22766793757509,
        -0.12243498751117,
        -0.012783039875033
      ],
      [
        0.05261597462212,
        -0.0020218706264143,
        -0.15405674876663,
        -0.028249738707943,
        0.22766793757509,
        0.0,
        0.31752411460595,
        0.13119859024406
      ],
      [
        -0.35526679885145,
        0.13988630174677,
        -0.063761048145479,
        -0.20788589240066,
        0.12243498751117,
        -0.31752411460595,
        0.0,
        0.031566428139482
      ],
      [
        0.12305920201551,
        0.12818455705441,
        -0.029065147503389,
        0.29158849460667,
        0.012783039875033,
        -0.13119859024406,
        -0.031566428139482,
        0.0
      ]
    ],
    [
      [
        0.0,
        0.12136118085055,
        -0.30483793193985,
        0.098194201370828,
        -0.2936577701134,
        -0.086560541031362,
        0.089107548914886,
        0.21260223218335
      ],
      [
        -0.12136118085055,
        0.0,
        -0.32625383575416,
        -0.11603771906477,
        0.0069809241294699,
        -0.048839101368427,
        0.066098479873154,
        0.006007359332904
      ],
      [
        0.30483793193985,
        0.32625383575416,
        0.0,
        -0.13133187747124,
        0.13398883923855,
        0.085638600384237,
        -0.0098581024079396,
        0.16163240661494
      ],
      [
        -0.098194201370828,
        0.11603771906477,
        0.13133187747124,
        0.0,
        0.47726602566184,
        -0.094749962370785,
        -0.13816638200861,
        0.38540880324316
      ],
      [
        0.2936577701134,
        -0.0069809241294699,
        -0.13398883923855,
        -0.47726602566184,
        0.0,
        0.23606153825282,
        0.1299875645222,
        -0.11894268862904
      ],
      [
        0.086560541031362,
        0.048839101368427,
        -0.085638600384237,
        0.094749962370785,
        -0.23606153825282,
        0.0,
        0.1667176222571,
        -0.092006700442027
      ],
      [
        -0.089107548914886,
        -0.066098479873154,
        0.0098581024079396,
        0.13816638200861,
        -0.1299875645222,
        -0.1667176222571,
        0.0,
        -0.11363788234098
      ],
      [
        -0.21260223218335,
        -0.006007359332904,
        -0.16163240661494,
        -0.38540880324316,
        0.11894268862904,
        0.092006700442027,
        0.11363788234098,
        0.0
      ]
    ],
    [
      [
        0.0,
        -0.31038579617475,
        0.087626383726962,
        -0.27183270892477,
        -0.18660708920116,
        -0.3032265075766,
        -0.0010073260045409,
        0.0014428657748047
      ],
      [
        0.31038579617475,
        0.0,
        0.033140877315977,
        0.01789230128424,
        -0.21873181982315,
        -0.20744962362111,
        -0.20627889622281,
        -0.35770658986145
      ],
      [
        -0.087626383726962,
        -0.033140877315977,
        0.0,
        0.0045260884382105,
        0.3945359822845,
        -0.26059454958543,
        -0.24045426357405,
        0.033961545266736
      ],
      [
        0.27183270892477,
        -0.01789230128424,
        -0.0045260884382105,
        0.0,
        0.031259178663601,
        -0.17345553513393,
        -0.10125161031729,
        -0.064185767485745
      ],
      [
        0.18660708920116,
        0.21873181982315,
        -0.3945359822845,
        -0.031259178663601,
        0.0,
        -0.14184412080692,
        0.18556001863399,
        0.18845525412333
      ],
      [
        0.3032265075766,
        0.20744962362111,
        0.26059454958543,
        0.17345553513393,
        0.14184412080692,
        0.0,
        0.087956122921292,
        0.068359772840507
      ],
      [
        0.0010073260045409,
        0.20627889622281,
        0.24045426357405,
        0.10125161031729,
        -0.18556001863399,
        -0.087956122921292,
        0.0,
        0.045191799927178
      ],
      [
        -0.0014428657748047,
        0.35770658986145,
        -0.033961545266736,
        0.064185767485745,
        -0.18845525412333,
        -0.068359772840507,
        -0.045191799927178,
        0.0
      ]
    ],
    [
      [
        0.0,
        -0.11282120065453,
        -0.24204396706595,
        0.58748836934723,
        0.032551984097143,
        0.2747188331096,
        -0.018165658436009,
        -0.3370985297037
      ],
      [
        0.11282120065453,
        0.0,
        0.094455996219293,
        -0.041324543032855,
        0.21817587289893,
        0.064414263420133,
        -0.092699015614039,
        -0.25761611732404
      ],
      [
        0.24204396706595,
        -0.094455996219293,
        0.0,
        0.026094662864759,
        0.25171193551221,
        -0.05888523643157,
        -0.17872411823951,
        0.080111216189687
      ],
      [
        -0.58748836934723,
        0.041324543032855,
        -0.026094662864759,
        0.0,
        0.13691293998444,
        0.041520496027782,
        -0.079460004300812,
        -0.039204040455181
      ],
      [
        -0.032551984097143,
        -0.21817587289893,
        -0.25171193551221,
        -0.13691293998444,
        0.0,
        -0.034012408242589,
        -0.23634360074705,
        0.18953806619662
      ],
      [
        -0.2747188331096,
        -0.064414263420133,
        0.05888523643157,
        -0.041520496027782,
        0.034012408242589,
        0.0,
        0.062634485632212,
        0.12622862980306
      ],
      [
        0.018165658436009,
        0.092699015614039,
        0.17872411823951,
        0.079460004300812,
        0.23634360074705,
        -0.062634485632212,
        0.0,
        0.093409637735665
      ],
      [
        0.3370985297037,
        0.25761611732404,
        -0.080111216189687,
        0.039204040455181,
        -0.18953806619662,
        -0.12622862980306,
        -0.093409637735665,
        0.0
      ]
    ],
    [
      [
        0.0,
        0.32563719582153,
        -0.038405837692963,
        -0.12648105916086,
        0.32411129620533,
        0.074740418342648,
        0.042813428696776,
        -0.27922774298747
      ],
      [
        -0.32563719582153,
        0.0,
        -0.35790562086113,
        0.13187114394613,
        -0.10724564883829,
        0.15850204775787,
        -0.12953267507421,
        -0.061962310924197
      ],
      [
        0.038405837692963,
        0.35790562086113,
        0.0,
        0.042104727412253,
        0.060412432638204,
        0.083371689723227,
        -0.48838948645707,
        0.17184379374537
      ],
      [
        0.12648105916086,
        -0.13187114394613,
        -0.042104727412253,
        0.0,
        -0.13528205950311,
        0.1476687224021,
        0.11532307191203,
        0.14871805464115
      ],
      [
        -0.32411129620533,
        0.10724564883829,
        -0.060412432638204,
        0.13528205950311,
        0.0,
        -0.076852741747903,
        0.27014059241276,
        0.028872913239768
      ],
      [
        -0.074740418342648,
        -0.15850204775787,
        -0.083371689723227,
        -0.1476687224021,
        0.076852741747903,
        0.0,
        -0.064703460120143,
        -0.033599092127354
      ],
      [
        -0.042813428696776,
        0.12953267507421,
        0.48838948645707,
        -0.11532307191203,
        -0.27014059241276,
        0.064703460120143,
        0.0,
        -0.20576819757399
      ],
      [
        0.27922774298747,
        0.061962310924197,
        -0.17184379374537,
        -0.14871805464115,
        -0.028872913239768,
        0.033599092127354,
        0.20576819757399,
        0.0
      ]
    ],
    [
      [
        0.0,
        0.050849357757465,
        0.022593962018464,
        -0.0043162717081638,
        -0.046243817278867,
        0.0049277626279392,
        -0.13110997990421,
        0.11288630044215
      ],
      [
        -0.050849357757465,
        0.0,
        0.13065220658102,
        -0.12387896032343,
        0.25510822606314,
        -0.22303260986714,
        -0.21836539755719,
        0.064409003739004
      ],
      [
        -0.022593962018464,
        -0.13065220658102,
        0.0,
        0.080984459174341,
        0.14301795737138,
        0.46031480799664,
        -0.23187109371156,
        0.021105894434609
      ],
      [
        0.0043162717081638,
        0.12387896032343,
        -0.080984459174341,
        0.0,
        -0.40300448493133,
        -0.15515826913361,
        -0.055729403766516,
        0.084577890793722
      ],
      [
        0.046243817278867,
        -0.25510822606314,
        -0.14301795737138,
        0.40300448493133,
        0.0,
        0.14120227085589,
        0.037265899004803,
        -0.28622476089448
      ],
      [
        -0.0049277626279392,
        0.22303260986714,
        -0.46031480799664,
        0.15515826913361,
        -0.14120227085589,
        0.0,
        0.3218939508754,
        0.21547208600372
      ],
      [
        0.13110997990421,
        0.21836539755719,
        0.23187109371156,
        0.055729403766516,
        -0.037265899004803,
        -0.3218939508754,
        0.0,
        0.15021425544704
      ],
      [
        -0.11288630044215,
        -0.064409003739004,
        -0.021105894434609,
        -0.084577890793722,
        0.28622476089448,
        -0.21547208600372,
        -0.15021425544704,
        0.0
      ]
    ],
    [
      [
        0.0,
        -0.19064051116102,
        0.20127985262848,
        -0.10618897456557,
        0.097560114946751,
        0.26883732752635,
        -0.34175878338936,
        -0.029991118252485
      ],
      [
        0.19064051116102,
        0.0,
        -0.30315527100677,
